0 0.6456582633053222 0.755 0.36134453781512604 0.418
0 0.35014005602240894 0.595 0.3641456582633053 0.354
0 0.6330532212885154 0.456 0.24649859943977592 0.23600000000000002
0 0.8879551820728291 0.47600000000000003 0.20728291316526612 0.364
0 0.39355742296918766 0.384 0.23249299719887956 0.136
0 0.546218487394958 0.306 0.16806722689075632 0.1
0 0.5098039215686274 0.224 0.19607843137254902 0.112
0 0.696078431372549 0.259 0.14285714285714285 0.106
0 0.8697478991596639 0.184 0.17647058823529413 0.116
0 0.9453781512605042 0.11900000000000001 0.08123249299719888 0.154
0 0.7507002801120448 0.151 0.15126050420168066 0.094
0 0.2647058823529412 0.3 0.18207282913165265 0.168
0 0.11064425770308123 0.514 0.18207282913165265 0.28400000000000003
0 0.3403361344537815 0.184 0.15406162464985995 0.156
0 0.1442577030812325 0.213 0.17086834733893558 0.10200000000000001
0 0.0938375350140056 0.316 0.1484593837535014 0.132
0 0.4887955182072829 0.121 0.14285714285714285 0.094
0 0.6372549019607843 0.149 0.13725490196078433 0.106
