0 0.587 0.8251748251748252 0.246 0.331002331002331
0 0.797 0.6538461538461539 0.162 0.1048951048951049
0 0.382 0.6480186480186481 0.164 0.08857808857808858
0 0.166 0.5699300699300699 0.08 0.1282051282051282
0 0.258 0.578088578088578 0.068 0.10256410256410256
0 0.405 0.5372960372960373 0.066 0.09557109557109557
0 0.487 0.46153846153846156 0.05 0.11655011655011654
0 0.6910000000000001 0.5337995337995338 0.066 0.08391608391608392
0 0.782 0.527972027972028 0.068 0.09557109557109557
0 0.075 0.703962703962704 0.126 0.21445221445221446
0 0.064 0.5128205128205128 0.076 0.12121212121212122
