0 0.5445205479452054 0.77 0.40410958904109584 0.396
0 0.2089041095890411 0.601 0.34931506849315064 0.334
0 0.8698630136986301 0.47400000000000003 0.2465753424657534 0.34800000000000003
0 0.5410958904109588 0.457 0.3082191780821918 0.226
0 0.23801369863013697 0.368 0.2773972602739726 0.152
0 0.1386986301369863 0.295 0.21575342465753422 0.138
0 0.19863013698630136 0.179 0.18493150684931506 0.134
0 0.40753424657534243 0.233 0.26712328767123283 0.08600000000000001
0 0.8082191780821917 0.20800000000000002 0.18493150684931506 0.116
0 0.6164383561643836 0.259 0.2054794520547945 0.08600000000000001
0 0.6763698630136986 0.157 0.1541095890410959 0.098
0 0.9160958904109588 0.11900000000000001 0.14726027397260272 0.158
0 0.5291095890410958 0.138 0.1952054794520548 0.088
0 0.33732876712328763 0.123 0.18835616438356162 0.106
