0 0.26014760147601473 0.85 0.3800738007380074 0.272
0 0.7453874538745388 0.889 0.36162361623616235 0.20600000000000002
0 0.5940959409594095 0.667 0.39114391143911437 0.218
0 0.8376383763837638 0.481 0.2878228782287823 0.262
0 0.5627306273062731 0.366 0.28413284132841327 0.244
0 0.33210332103321033 0.196 0.23616236162361623 0.244
0 0.6254612546125461 0.088 0.23985239852398524 0.152
0 0.2047970479704797 0.404 0.3210332103321033 0.20400000000000001
0 0.14206642066420663 0.176 0.2029520295202952 0.188
0 0.15867158671586715 0.61 0.28044280442804426 0.224
0 0.7583025830258302 0.22 0.2915129151291513 0.136
