0 0.19807280513918632 0.666 0.31905781584582443 0.452
0 0.7730192719486082 0.625 0.4282655246252677 0.514
0 0.8758029978586724 0.114 0.08565310492505354 0.08
0 0.5449678800856531 0.121 0.05781584582441114 0.09
0 0.6081370449678801 0.11900000000000001 0.0556745182012848 0.08600000000000001
0 0.25267665952890794 0.115 0.06852248394004283 0.08600000000000001
0 0.3276231263383298 0.113 0.06423982869379015 0.094
0 0.41113490364025695 0.139 0.04282655246252677 0.042
0 0.4839400428265525 0.14200000000000002 0.06423982869379015 0.036000000000000004
0 0.08244111349036402 0.11800000000000001 0.06638115631691649 0.048
0 0.6788008565310493 0.14100000000000001 0.059957173447537475 0.042
