0 0.503 0.6047008547008548 0.158 0.18803418803418806
0 0.324 0.6004273504273505 0.128 0.16666666666666669
0 0.686 0.5811965811965812 0.148 0.14102564102564105
0 0.889 0.5758547008547009 0.074 0.1388888888888889
0 0.9590000000000001 0.5918803418803419 0.054 0.11538461538461539
0 0.222 0.5405982905982907 0.076 0.10256410256410257
0 0.17500000000000002 0.3194444444444445 0.082 0.09615384615384616
0 0.065 0.6805555555555556 0.082 0.10897435897435899
0 0.135 0.5758547008547009 0.08600000000000001 0.09615384615384616
0 0.279 0.888888888888889 0.138 0.1965811965811966
