0 0.3858858858858859 0.535 0.3213213213213213 0.23
0 0.13513513513513514 0.464 0.16216216216216217 0.252
0 0.4159159159159159 0.339 0.2132132132132132 0.13
0 0.37537537537537535 0.149 0.12612612612612611 0.11800000000000001
0 0.6951951951951952 0.721 0.34534534534534533 0.386
0 0.6756756756756757 0.417 0.23423423423423423 0.194
0 0.9114114114114114 0.421 0.15315315315315314 0.266
0 0.551051051051051 0.20700000000000002 0.19519519519519518 0.074
0 0.7627627627627628 0.147 0.12012012012012012 0.066
0 0.8963963963963963 0.176 0.13513513513513514 0.088
0 0.524024024024024 0.11900000000000001 0.13513513513513514 0.078
0 0.11261261261261261 0.281 0.17717717717717718 0.08600000000000001
0 0.1981981981981982 0.195 0.15015015015015015 0.08600000000000001
