0 0.169 0.7035490605427974 0.254 0.36325678496868474
0 0.519 0.7192066805845511 0.186 0.348643006263048
0 0.842 0.7223382045929018 0.224 0.3089770354906054
0 0.68 0.3611691022964509 0.088 0.12526096033402923
0 0.808 0.36325678496868474 0.092 0.14196242171189977
0 0.925 0.08559498956158663 0.074 0.11273486430062629
0 0.833 0.10542797494780792 0.078 0.10229645093945719
0 0.761 0.12108559498956158 0.078 0.08768267223382045
0 0.672 0.12839248434237996 0.112 0.10647181628392484
0 0.5690000000000001 0.16179540709812107 0.09 0.08559498956158663
0 0.463 0.18580375782881 0.066 0.07933194154488517
0 0.40700000000000003 0.1951983298538622 0.07 0.08559498956158663
0 0.352 0.19937369519832984 0.084 0.09812108559498955
0 0.291 0.21085594989561585 0.066 0.09185803757828809
0 0.23800000000000002 0.23903966597077242 0.06 0.06471816283924843
0 0.183 0.23486430062630478 0.07 0.07306889352818371
0 0.135 0.24530271398747389 0.046 0.08977035490605427
0 0.097 0.2640918580375783 0.05 0.056367432150313146
0 0.039 0.27766179540709807 0.054 0.06263048016701461
