0 0.27491408934707906 0.562 0.2611683848797251 0.188
0 0.5085910652920962 0.794 0.3024054982817869 0.18
0 0.15807560137457044 0.784 0.2611683848797251 0.228
0 0.46048109965635736 0.9390000000000001 0.4329896907216495 0.11
0 0.8470790378006873 0.893 0.2852233676975945 0.202
0 0.7749140893470791 0.727 0.23711340206185566 0.186
0 0.6374570446735395 0.621 0.18900343642611683 0.19
0 0.6683848797250859 0.444 0.3058419243986254 0.212
0 0.1254295532646048 0.442 0.1683848797250859 0.192
0 0.12714776632302405 0.302 0.1718213058419244 0.12
0 0.3951890034364261 0.444 0.24054982817869416 0.168
0 0.9037800687285223 0.579 0.18556701030927836 0.14200000000000002
0 0.27319587628865977 0.11800000000000001 0.15463917525773196 0.14
0 0.47079037800687284 0.176 0.15807560137457044 0.14
0 0.563573883161512 0.249 0.1718213058419244 0.146
0 0.7439862542955327 0.195 0.16151202749140894 0.11800000000000001
0 0.6941580756013745 0.275 0.1924398625429553 0.09
0 0.07560137457044673 0.165 0.10309278350515463 0.11800000000000001
0 0.2079037800687285 0.23700000000000002 0.20962199312714777 0.094
0 0.7233676975945017 0.075 0.2027491408934708 0.106
0 0.4690721649484536 0.047 0.140893470790378 0.07
0 0.9312714776632303 0.20400000000000001 0.10996563573883161 0.112
0 0.8831615120274914 0.29 0.15120274914089346 0.116
