0 0.5270833333333333 0.6881918819188192 0.22083333333333333 0.5350553505535055
0 0.8989583333333333 0.4022140221402214 0.18541666666666667 0.36162361623616235
0 0.715625 0.7583025830258302 0.16875 0.4243542435424354
0 0.8885416666666667 0.7712177121771218 0.17291666666666666 0.3468634686346863
0 0.32395833333333335 0.6512915129151291 0.22708333333333333 0.49077490774907745
0 0.171875 0.8708487084870848 0.19791666666666666 0.22140221402214022
0 0.34375 0.22509225092250923 0.20833333333333334 0.33210332103321033
0 0.5635416666666666 0.25830258302583026 0.24375 0.3468634686346863
0 0.13854166666666667 0.3856088560885609 0.19791666666666666 0.33579335793357934
0 0.09895833333333333 0.6845018450184501 0.17291666666666666 0.3136531365313653
