0 0.21223958333333331 0.8459530026109661 0.22135416666666666 0.26631853785900783
0 0.48307291666666663 0.7075718015665796 0.22135416666666666 0.27154046997389036
0 0.7044270833333333 0.783289817232376 0.20052083333333331 0.26109660574412535
0 0.8984375 0.7428198433420365 0.171875 0.2741514360313316
0 0.7708333333333333 0.2206266318537859 0.10416666666666666 0.24281984334203655
0 0.5390625 0.2206266318537859 0.13020833333333331 0.15404699738903394
0 0.4583333333333333 0.2741514360313316 0.16666666666666666 0.09921671018276762
0 0.4192708333333333 0.19321148825065274 0.10416666666666666 0.08877284595300261
0 0.125 0.24412532637075718 0.10416666666666666 0.08616187989556136
0 0.32682291666666663 0.17885117493472585 0.08072916666666666 0.10182767624020887
