0 0.22135416666666666 0.8263707571801566 0.22916666666666666 0.31592689295039167
0 0.49479166666666663 0.7036553524804178 0.21354166666666666 0.2741514360313316
0 0.7005208333333333 0.7806788511749347 0.18229166666666666 0.27154046997389036
0 0.8997395833333333 0.7389033942558747 0.15885416666666666 0.26631853785900783
0 0.7760416666666666 0.21279373368146215 0.11458333333333333 0.2010443864229765
0 0.45572916666666663 0.2793733681462141 0.16145833333333331 0.11488250652741515
0 0.546875 0.2193211488250653 0.11979166666666666 0.1618798955613577
0 0.4192708333333333 0.18929503916449086 0.10416666666666666 0.09138381201044386
0 0.13020833333333331 0.25065274151436034 0.109375 0.10443864229765012
0 0.26822916666666663 0.206266318537859 0.10416666666666666 0.12532637075718017
